3
13

0.0 0.0 0.0 0.0 0.08595808541823045 0.1991936114627612 0.30543744532009176 0.3898853092121142 0.4999999993548314 0.6101146884126033 0.6945625525897042 0.800806387473565 0.9140419140810072 1 1.0 1.0 1.0 

-5.0 0.95892427
-4.648425480498871 0.9267230690943922
-3.8337098211519267 0.8521021248211779
-3.0350571632857997 -0.13118267482295434
-2.1530822171000024 -1.0442082128559205
-0.8236625796603535 -0.9295416391043004
-7.117883202565256e-09 8.785001606030148e-09
0.8236625893534509 0.9295415906121652
2.153082220383207 1.044208270760634
3.0350571600458243 0.1311826725003529
3.8337098220321257 -0.8521021139504532
4.648425480644905 -0.9267230867631134
5.0 -0.9589243
