3
13

0.0 0.0 0.0 0.0 0.006533743119573938 0.013070283040524293 0.01962745170667581 0.026335081347813673 0.03406422281648683 0.047053006229526004 0.07826014583052979 0.16146702091037243 0.3870430888256825 1 1.0 1.0 1.0 

-5.000000000000001 0.006737950000000002
-4.666670872885888 0.0095973100609486
-3.999869935459923 0.015317254146201529
-2.998468950553688 0.04193240316322823
-1.9911002210441564 0.11661694398439788
-0.9311246928237789 0.32071046659671676
0.3013424513527247 1.0898115041962302
1.4646138366817443 3.5847529743530386
2.4341036851393416 10.003373734803555
3.487337183851179 27.350210734312274
4.439329484976398 74.3471857755997
4.76323164950678 117.13546945130292
5.0 148.413159
