3
11

0.0 0.0 0.0 0.0 0.10907049114481068 0.23342998475161697 0.35778947835842323 0.5000000000000001 0.6422105216415769 0.7665700152483831 0.8909295088551894 1 1.0 1.0 1.0 

3.0 1.0
2.7262567070715287 2.6185509263589557
2.140398038760299 6.082533843223838
-0.012636338158789291 -1.6357103427431674
-2.2856484370730974 6.502089396427802
-3.3810942813828975 2.5398542382891718e-15
-2.285648437073098 -6.502089396427803
-0.012636338158788039 1.6357103427431687
2.1403980387602988 -6.082533843223838
2.7262567070715287 -2.6185509263589557
3.0 -1.0
